0 1 1 1 0 0 0 0 0 0 0 0 0
1 0 1 1 0 0 0 0 0 0 0 0 0
1 1 0 1 1 0 0 0 0 0 0 0 0
1 1 1 0 0 0 0 0 0 0 0 0 0
0 0 1 0 0 1 1 1 1 0 0 0 0
0 0 0 0 1 0 1 0 1 0 0 0 0
0 0 0 0 1 1 0 1 0 0 0 0 0
0 0 0 0 1 0 1 0 1 0 0 0 0
0 0 0 0 1 1 0 1 0 1 0 0 0
0 0 0 0 0 0 0 0 1 0 1 1 1
0 0 0 0 0 0 0 0 0 1 0 1 1
0 0 0 0 0 0 0 0 0 1 1 0 1

12 vertices, 24 edges, starts from vertex 1:
Input:
12 24 1
1 2
1 6
2 3
2 5
2 6
3 4
3 5
3 11
4 7
4 8
4 11
5 6
5 7
6 7
7 8
8 9
8 10
9 10
9 12
9 13
10 11
10 12
11 12
12 13

0 1 0 0 0 1 0 0 0 0 0 0 0
1 0 1 0 1 1 0 0 0 0 0 0 0
0 1 0 1 1 0 0 0 0 0 1 0 0
0 0 1 0 0 0 1 1 0 0 1 0 0
0 1 1 0 0 1 1 0 0 0 0 0 0
1 1 0 0 1 0 1 0 0 0 0 0 0
0 0 0 1 1 1 0 1 0 0 0 0 0
0 0 0 1 0 0 1 0 1 1 0 0 0
0 0 0 0 0 0 0 1 0 1 0 1 1
0 0 0 0 0 0 0 1 1 0 1 1 0
0 0 1 1 0 0 0 0 0 1 0 1 0
0 0 0 0 0 0 0 0 1 1 1 0 1
0 0 0 0 0 0 0 0 1 0 0 1 0
tree
0 1 1 1 0 0 0 0 0 0 0 0 0
1 0 1 1 0 0 0 0 0 0 0 0 0
1 1 0 1 1 0 0 0 0 0 0 0 0
1 1 1 0 0 0 0 0 0 0 0 0 0
0 0 1 0 0 1 1 1 1 0 0 0 0
0 0 0 0 1 0 1 0 1 0 0 0 0
0 0 0 0 1 1 0 1 0 0 0 0 0
0 0 0 0 1 0 1 0 1 0 0 0 0
0 0 0 0 1 1 0 1 0 1 0 0 0
0 0 0 0 0 0 0 0 1 0 1 1 1
0 0 0 0 0 0 0 0 0 1 0 1 1
0 0 0 0 0 0 0 0 0 1 1 0 1
0 0 0 0 0 0 0 0 0 1 1 1 0

kruskal
6 9
1 2 1
1 3 1
2 4 1
2 3 2
2 5 1
3 5 1
3 6 1
4 5 2
5 6 2

euler

13
0 1 0 0 0 1 0 0 0 0 0 0 0 
1 0 1 0 1 1 0 0 0 0 0 0 0
0 1 0 1 1 0 0 0 0 0 1 0 0 
0 0 1 0 0 0 1 1 0 0 1 0 0 
0 1 1 0 0 1 1 0 0 0 0 0 0 
1 1 0 0 1 0 1 0 0 0 0 0 0
0 0 0 1 1 1 0 1 0 0 0 0 0
0 0 0 1 0 0 1 0 1 1 0 0 0 
0 0 0 0 0 0 0 1 0 1 0 1 1 
0 0 0 0 0 0 0 1 1 0 1 1 0
0 0 1 1 0 0 0 0 0 1 0 1 0
0 0 0 0 0 0 0 0 1 1 1 0 1
0 0 0 0 0 0 0 0 1 0 0 1 0